1) Newton interpolation
    Matrix of Newton polynomial coefficients:

            x           b0         b1         b2           b3          b4        b5        b6        b7        b8            b9           b10           b11
    0   1910   92228496.0  1379304.1  16940.230 -1934.531333  125.106725 -4.150598  0.080565 -0.000756 -0.000008  5.099328e-07 -1.430668e-08  3.689161e-10
    1   1920  106021537.0  1718108.7 -41095.710  3069.737667  -82.423175  0.683327  0.027611 -0.001362  0.000038 -9.207357e-07  2.442951e-08           NaN
    2   1930  123202624.0   896194.5  50996.420  -227.189333  -48.256825  2.340014 -0.067705  0.001705 -0.000045  1.400068e-06           NaN           NaN
    3   1940  132164569.0  1916122.9  44180.740 -2157.462333   68.743867 -1.722268  0.051623 -0.001858  0.000074           NaN           NaN           NaN
    4   1950  151325798.0  2799737.7 -20543.130   592.292333  -17.369554  1.375117 -0.078456  0.003727       NaN           NaN           NaN           NaN
    5   1960  179323175.0  2388875.1  -2774.360  -102.489833   51.386312 -3.332238  0.163792       NaN       NaN           NaN           NaN           NaN
    6   1970  203211926.0  2333387.9  -5849.055  1952.962667 -115.225592  5.676314       NaN       NaN       NaN           NaN           NaN           NaN
    7   1980  226545805.0  2216406.8  52739.825 -2656.061000  140.208560       NaN       NaN       NaN       NaN           NaN           NaN           NaN
    8   1990  248709873.0  3271203.3 -26942.005  2251.238600         NaN       NaN       NaN       NaN       NaN           NaN           NaN           NaN
    9   2000  281421906.0  2732363.2  29338.960          NaN         NaN       NaN       NaN       NaN       NaN           NaN           NaN           NaN
    10  2010  308745538.0  3172447.6        NaN          NaN         NaN       NaN       NaN       NaN       NaN           NaN           NaN           NaN
    11  2015  324607776.0        NaN        NaN          NaN         NaN       NaN       NaN       NaN       NaN           NaN           NaN           NaN

    Predicted population = 805870552
    Real population = 337168104
    Delta = 468702448 (139.011502701335 %)

2) Spline interpolation
    Predicted population = 345999606
    Real population = 337168104
    Delta = 8831502 (2.619317158185283 %)
